timestamp,open,high,low,close,volume,oi
2026-03-11T00:00:00,,0.88,0.82,0.88,5145696,
2026-03-12T00:00:00,,0.91,0.86,0.89,3801830,
2026-03-13T00:00:00,,0.89,0.85,0.87,2121986,
2026-03-16T00:00:00,,0.87,0.83,0.84,4749786,
2026-03-17T00:00:00,,0.88,0.81,0.88,3561079,
2026-03-18T00:00:00,,0.9,0.85,0.85,3541976,
2026-03-19T00:00:00,,0.87,0.82,0.83,3027223,
2026-03-20T00:00:00,,0.86,0.82,0.84,3344948,
2026-03-23T00:00:00,,0.83,0.8,0.81,4378333,
2026-03-24T00:00:00,,0.85,0.81,0.82,3974501,
2026-03-25T00:00:00,,0.85,0.8,0.81,5414742,
2026-03-27T00:00:00,,0.81,0.77,0.77,7071002,
2026-03-30T00:00:00,,0.76,0.74,0.74,2768836,
2026-04-01T00:00:00,,0.77,0.71,0.77,4693471,
2026-04-02T00:00:00,,0.79,0.75,0.78,2896311,
2026-04-06T00:00:00,,0.81,0.77,0.8,3999054,
2026-04-07T00:00:00,,0.83,0.77,0.78,5640687,
2026-04-08T00:00:00,,0.81,0.78,0.79,8199267,
2026-04-09T00:00:00,,0.81,0.77,0.78,4541050,
2026-04-10T00:00:00,,0.81,0.78,0.8,6485335,
2026-04-13T00:00:00,,0.79,0.76,0.79,5110210,
2026-04-15T00:00:00,,0.8,0.77,0.78,5450193,
2026-04-16T00:00:00,,0.79,0.77,0.77,4418118,
2026-04-17T00:00:00,,0.79,0.75,0.77,8439512,
2026-04-20T00:00:00,,0.77,0.74,0.74,5425374,
2026-04-21T00:00:00,,0.75,0.71,0.71,10440182,
2026-04-22T00:00:00,,0.71,0.68,0.68,18843997,
2026-04-23T00:00:00,,0.69,0.65,0.66,11219436,
2026-04-24T00:00:00,,0.67,0.63,0.67,11962277,
2026-04-27T00:00:00,,0.69,0.66,0.69,6272278,
2026-04-28T00:00:00,,0.72,0.66,0.67,21344987,
2026-04-29T00:00:00,,0.67,0.64,0.64,15721593,
2026-04-30T00:00:00,,0.64,0.61,0.61,13829356,
2026-05-04T00:00:00,,0.64,0.6,0.64,5924482,
2026-05-05T00:00:00,,0.67,0.61,0.61,25244223,
2026-05-06T00:00:00,,0.64,0.59,0.63,9338109,
2026-05-07T00:00:00,,0.66,0.63,0.66,7777811,
2026-05-08T00:00:00,,0.67,0.62,0.62,21048096,
2026-05-11T00:00:00,,0.63,0.61,0.63,4660490,
2026-05-12T00:00:00,,0.62,0.6,0.61,4465965,
2026-05-13T00:00:00,,0.62,0.6,0.62,3674309,
2026-05-14T00:00:00,,0.62,0.6,0.61,4050999,
2026-05-15T00:00:00,,0.61,0.6,0.61,3702960,
2026-05-18T00:00:00,,0.61,0.58,0.6,10358325,
2026-05-19T00:00:00,,0.61,0.59,0.61,4971429,
2026-05-20T00:00:00,,0.61,0.6,0.61,3020619,
2026-05-21T00:00:00,,0.61,0.6,0.6,1827611,
2026-05-22T00:00:00,,0.61,0.6,0.6,2119547,
2026-05-25T00:00:00,,0.62,0.6,0.61,3327674,
2026-05-26T00:00:00,,0.64,0.61,0.64,8263341,
2026-05-27T00:00:00,,0.67,0.65,0.67,10510805,
2026-05-29T00:00:00,,0.7,0.67,0.7,12732534,
2026-06-01T00:00:00,,0.71,0.67,0.67,6933927,
2026-06-02T00:00:00,,0.65,0.64,0.64,7942279,
2026-06-03T00:00:00,,0.63,0.61,0.63,7789749,
2026-06-04T00:00:00,,0.64,0.62,0.64,4930419,
2026-06-05T00:00:00,,0.64,0.62,0.63,3608127,
2026-06-08T00:00:00,,0.63,0.61,0.62,3812175,
2026-06-09T00:00:00,,0.63,0.61,0.62,2496448,
2026-06-10T00:00:00,,0.62,0.61,0.62,2437593,
2026-06-11T00:00:00,,0.62,0.6,0.61,3600219,
2026-06-12T00:00:00,,0.62,0.6,0.61,2902451,
2026-06-15T00:00:00,,0.63,0.6,0.63,3404882,
2026-06-16T00:00:00,,0.63,0.61,0.62,2463225,
2026-06-17T00:00:00,,0.65,0.62,0.65,4810403,
2026-06-18T00:00:00,,0.68,0.65,0.67,7851295,
2026-06-19T00:00:00,,0.67,0.64,0.65,5062008,
2026-06-22T00:00:00,,0.65,0.62,0.63,5390438,
2026-06-23T00:00:00,,0.63,0.61,0.62,3236342,
2026-06-24T00:00:00,,0.63,0.61,0.62,2512035,
2026-06-25T00:00:00,,0.63,0.61,0.61,2761752,
2026-06-29T00:00:00,,0.62,0.6,0.6,3033551,
2026-06-30T00:00:00,,0.62,0.6,0.62,1761098,
2026-07-01T00:00:00,,0.63,0.61,0.62,3406820,
2026-07-02T00:00:00,,0.62,0.6,0.61,3388787,
2026-07-03T00:00:00,,0.61,0.59,0.6,5789884,
2026-07-06T00:00:00,,0.62,0.6,0.61,2692199,
2026-07-07T00:00:00,,0.6,0.58,0.59,4498572,
2026-07-08T00:00:00,,0.6,0.57,0.58,5558830,
2026-07-09T00:00:00,,0.59,0.57,0.58,3357563,
2026-07-10T00:00:00,,0.59,0.57,0.59,4153826,
2026-07-13T00:00:00,,0.59,0.57,0.58,6733251,
2026-07-14T00:00:00,,0.59,0.57,0.58,6352503,
2026-07-15T00:00:00,,0.58,0.56,0.57,6031862,
2026-07-16T00:00:00,,0.58,0.56,0.57,2253356,
2026-07-17T00:00:00,,0.59,0.56,0.59,7412286,
2026-07-20T00:00:00,0.61,0.61,0.58,0.61,3123980,
2026-07-21T00:00:00,,0.64,0.62,0.64,10023590,
2026-07-22T00:00:00,,0.66,0.61,0.61,4950677,
2026-07-23T00:00:00,,0.63,0.59,0.6,4646452,
2026-07-24T00:00:00,,0.61,0.59,0.59,2503014,
2026-07-27T00:00:00,,0.61,0.59,0.61,3507482,
2026-07-28T00:00:00,,0.63,0.59,0.61,1783784,
2026-07-29T00:00:00,,0.61,0.59,0.6,1905508,
2026-07-30T00:00:00,,0.61,0.58,0.59,4871340,
2026-07-31T00:00:00,,0.6,0.58,0.59,2298974,
2026-08-03T00:00:00,,0.6,0.58,0.59,2155880,
2026-08-04T00:00:00,,0.59,0.58,0.59,2020737,
2026-08-05T00:00:00,,0.59,0.57,0.58,6691995,
2026-08-06T00:00:00,,0.59,0.57,0.57,4362846,
2026-08-07T00:00:00,,0.6,0.57,0.58,2526769,
2026-08-10T00:00:00,,0.58,0.56,0.57,2858052,
2026-08-11T00:00:00,,0.58,0.57,0.58,2322754,
2026-08-12T00:00:00,,0.58,0.57,0.58,1520302,
2026-08-13T00:00:00,,0.58,0.57,0.58,1683055,
2026-08-14T00:00:00,,0.61,0.58,0.6,6327368,
2026-08-17T00:00:00,,0.61,0.57,0.58,2556213,
2026-08-18T00:00:00,,0.59,0.57,0.58,2107189,
2026-08-19T00:00:00,,0.59,0.57,0.57,2056098,
2026-08-20T00:00:00,,0.59,0.57,0.58,3966974,
2026-08-21T00:00:00,,0.58,0.57,0.57,2437836,
2026-08-24T00:00:00,,0.6,0.57,0.58,6089413,
2026-08-25T00:00:00,,0.58,0.56,0.57,3836605,
2026-08-26T00:00:00,,0.58,0.56,0.58,3006796,
2026-08-27T00:00:00,,0.62,0.57,0.61,10647927,
2026-08-28T00:00:00,,0.63,0.6,0.61,3436972,
2026-08-31T00:00:00,,0.63,0.6,0.61,2245815,
2026-09-01T00:00:00,,0.63,0.6,0.62,2284790,
2026-09-02T00:00:00,,0.62,0.59,0.6,2840359,
2026-09-03T00:00:00,,0.63,0.59,0.62,3090156,
2026-09-04T00:00:00,,0.62,0.6,0.61,1645592,
2025-09-12T00:00:00,1.88,1.88,1.78,1.83,1007541,
2025-09-15T00:00:00,1.85,1.86,1.67,1.75,2642588,
2025-09-16T00:00:00,1.78,1.81,1.7,1.76,930279,
2025-09-17T00:00:00,1.79,1.79,1.74,1.78,884442,
2025-09-18T00:00:00,1.79,1.79,1.74,1.77,999572,
2025-09-19T00:00:00,1.75,1.78,1.67,1.74,1322280,
2025-09-22T00:00:00,1.75,1.78,1.74,1.77,1318426,
2025-09-23T00:00:00,1.58,1.66,1.58,1.66,1675539,
2025-09-24T00:00:00,1.75,1.82,1.72,1.82,4388953,
2025-09-25T00:00:00,1.72,1.72,1.64,1.68,2946407,
2025-09-26T00:00:00,1.69,1.78,1.61,1.69,1618332,
2025-09-29T00:00:00,1.75,1.76,1.61,1.75,978249,
2025-09-30T00:00:00,1.79,1.8,1.71,1.76,1438906,
2025-10-01T00:00:00,1.76,1.8,1.72,1.78,1105967,
2025-10-03T00:00:00,1.79,1.79,1.73,1.76,690767,
2025-10-06T00:00:00,1.78,1.78,1.7,1.7,1139651,
2025-10-07T00:00:00,1.72,1.75,1.65,1.66,1285306,
2025-10-08T00:00:00,1.64,1.71,1.64,1.66,823979,
2025-10-09T00:00:00,1.68,1.68,1.57,1.59,1610045,
2025-10-10T00:00:00,1.57,1.63,1.47,1.6,1191970,
2025-10-13T00:00:00,1.6,1.62,1.55,1.57,8273300,
2025-10-14T00:00:00,1.59,1.59,1.5,1.53,948594,
2025-10-15T00:00:00,1.53,1.53,1.45,1.51,1002749,
2025-10-16T00:00:00,1.51,1.51,1.46,1.47,1114087,
2025-10-17T00:00:00,1.51,1.57,1.47,1.52,1111653,
2025-10-20T00:00:00,1.57,1.59,1.51,1.55,787498,
2025-10-21T00:00:00,1.54,1.59,1.52,1.59,445292,
2025-10-23T00:00:00,1.6,1.64,1.54,1.6,912695,
2025-10-24T00:00:00,1.6,1.7,1.54,1.63,1532186,
2025-10-27T00:00:00,1.7,1.71,1.64,1.68,5558709,
2025-10-28T00:00:00,1.7,1.73,1.63,1.64,3265578,
2025-10-29T00:00:00,1.71,1.72,1.59,1.64,3579191,
2025-10-30T00:00:00,1.71,1.71,1.59,1.61,2746887,
2025-10-31T00:00:00,1.68,1.74,1.6,1.61,5860000,
2025-11-03T00:00:00,,1.67,1.61,1.64,3846388,
2025-11-04T00:00:00,,1.7,1.58,1.64,3914296,
2025-11-06T00:00:00,,1.8,1.66,1.71,7249548,
2025-11-07T00:00:00,,1.75,1.65,1.69,3790256,
2025-11-10T00:00:00,,1.72,1.64,1.65,2737834,
2025-11-11T00:00:00,,1.68,1.54,1.56,3423460,
2025-11-12T00:00:00,,1.63,1.53,1.56,3037606,
2025-11-13T00:00:00,,1.57,1.49,1.52,3420392,
2025-11-14T00:00:00,,1.53,1.5,1.51,1163927,
2025-11-17T00:00:00,,1.53,1.48,1.5,1827332,
2025-11-18T00:00:00,,1.53,1.45,1.46,1199179,
2025-11-19T00:00:00,,1.49,1.44,1.45,984589,
2025-11-20T00:00:00,,1.47,1.42,1.43,1493272,
2025-11-21T00:00:00,1.43,1.43,1.36,1.4,890528,
2025-11-24T00:00:00,,1.43,1.36,1.39,1497344,
2025-11-25T00:00:00,,1.42,1.32,1.35,1415940,
2025-11-26T00:00:00,,1.37,1.28,1.29,2592459,
2025-11-27T00:00:00,,1.3,1.2,1.22,3675979,
2025-11-28T00:00:00,,1.24,1.19,1.21,1504177,
2025-12-01T00:00:00,,1.22,1.16,1.18,1305936,
2025-12-02T00:00:00,,1.18,1.13,1.13,1856526,
2025-12-03T00:00:00,,1.13,1.08,1.08,1916220,
2025-12-04T00:00:00,,1.1,1.03,1.03,2770703,
2025-12-05T00:00:00,,0.98,0.98,0.98,1624072,
2025-12-08T00:00:00,,0.94,0.94,0.94,1925120,
2025-12-09T00:00:00,,0.9,0.9,0.9,1648845,
2025-12-10T00:00:00,,0.86,0.86,0.86,1989293,
2025-12-11T00:00:00,,0.9,0.82,0.9,43018654,
2025-12-12T00:00:00,,0.94,0.86,0.88,48149986,
2025-12-15T00:00:00,,0.91,0.84,0.85,31752359,
2025-12-16T00:00:00,,0.88,0.81,0.83,29201455,
2025-12-17T00:00:00,,0.87,0.8,0.87,24146075,
2025-12-18T00:00:00,,0.91,0.88,0.91,26133303,
2025-12-19T00:00:00,,0.95,0.87,0.9,41893761,
2025-12-22T00:00:00,,0.94,0.87,0.93,61477841,
2025-12-23T00:00:00,,0.97,0.94,0.96,54197511,
2025-12-24T00:00:00,,1.0,0.97,0.99,66969462,
2025-12-26T00:00:00,,1.03,0.99,1.01,68275965,
2025-12-29T00:00:00,,1.05,1.01,1.05,44521616,
2025-12-30T00:00:00,,1.09,1.06,1.08,64603215,
2025-12-31T00:00:00,,1.11,1.08,1.1,38671142,
2026-01-01T00:00:00,,1.15,1.11,1.15,52242541,
2026-01-02T00:00:00,,1.2,1.18,1.2,21579205,
2026-01-05T00:00:00,,1.26,1.22,1.26,72806751,
2026-01-06T00:00:00,,1.32,1.28,1.32,49519190,
2026-01-07T00:00:00,,1.38,1.37,1.38,12184008,
2026-01-08T00:00:00,,1.44,1.44,1.44,15773740,
2026-01-09T00:00:00,,1.51,1.51,1.51,11397233,
2026-01-12T00:00:00,,1.58,1.58,1.58,10773362,
2026-01-13T00:00:00,,1.65,1.65,1.65,19308069,
2026-01-14T00:00:00,,1.73,1.73,1.73,20857304,
2026-01-16T00:00:00,,1.81,1.81,1.81,18240415,
2026-01-19T00:00:00,,1.9,1.9,1.9,12515446,
2026-01-20T00:00:00,,1.99,1.99,1.99,15280063,
2026-01-21T00:00:00,,2.08,1.9,1.9,15132761,
2026-01-22T00:00:00,,1.81,1.81,1.81,902925,
2026-01-23T00:00:00,,1.72,1.72,1.72,584120,
2026-01-27T00:00:00,,1.64,1.64,1.64,391831,
2026-01-28T00:00:00,,1.56,1.56,1.56,633696,
2026-01-29T00:00:00,,1.49,1.49,1.49,669734,
2026-01-30T00:00:00,,1.42,1.42,1.42,647036,
2026-02-01T00:00:00,,1.35,1.35,1.35,871852,
2026-02-02T00:00:00,,1.29,1.29,1.29,547257,
2026-02-03T00:00:00,,1.23,1.23,1.23,1239352,
2026-02-04T00:00:00,,1.17,1.17,1.17,1256981,
2026-02-05T00:00:00,,1.12,1.12,1.12,1321335,
2026-02-06T00:00:00,,1.07,1.07,1.07,2630042,
2026-02-09T00:00:00,,1.05,1.02,1.02,21591792,
2026-02-10T00:00:00,,0.97,0.97,0.97,5359646,
2026-02-11T00:00:00,,1.01,0.93,1.01,27318428,
2026-02-12T00:00:00,,1.06,1.06,1.06,8008417,
2026-02-13T00:00:00,,1.11,1.01,1.11,39098649,
2026-02-16T00:00:00,,1.06,1.06,1.06,22981096,
2026-02-17T00:00:00,,1.04,1.01,1.01,18883198,
2026-02-18T00:00:00,,0.96,0.96,0.96,6384351,
2026-02-19T00:00:00,,1.0,0.92,1.0,18120196,
2026-02-20T00:00:00,,1.03,0.95,0.97,15608083,
2026-02-23T00:00:00,,0.95,0.91,0.93,8440166,
2026-02-24T00:00:00,,0.94,0.9,0.92,5784702,
2026-02-25T00:00:00,,0.93,0.87,0.88,7923290,
2026-02-26T00:00:00,,0.92,0.88,0.92,4605033,
2026-02-27T00:00:00,,0.96,0.92,0.96,7777716,
2026-03-02T00:00:00,,0.94,0.92,0.92,3307397,
2026-03-04T00:00:00,,0.92,0.88,0.89,8104383,
2026-03-05T00:00:00,,0.91,0.85,0.9,5622345,
2026-03-06T00:00:00,,0.91,0.88,0.89,3146538,
2026-03-09T00:00:00,,0.88,0.85,0.85,3840363,
2026-03-10T00:00:00,,0.87,0.81,0.84,5463503,
2026-03-11T00:00:00,,0.88,0.82,0.88,5145696,
2025-03-17T00:00:00,2.29,2.32,2.25,2.27,1215472,
2025-03-18T00:00:00,2.32,2.32,2.15,2.2,1530769,
2025-03-19T00:00:00,2.24,2.24,2.07,2.08,3565339,
2025-03-20T00:00:00,2.13,2.13,1.98,1.98,5904999,
2025-03-21T00:00:00,1.97,1.97,1.89,1.9,5820732,
2025-03-24T00:00:00,1.9,1.98,1.85,1.92,2527380,
2025-03-25T00:00:00,1.95,1.95,1.84,1.86,2092396,
2025-03-26T00:00:00,1.86,1.86,1.77,1.77,2898029,
2025-03-27T00:00:00,1.77,1.79,1.69,1.69,2422018,
2025-03-28T00:00:00,1.61,1.77,1.61,1.65,3502638,
2025-04-01T00:00:00,1.7,1.73,1.62,1.73,578541,
2025-04-02T00:00:00,1.73,1.81,1.73,1.81,711091,
2025-04-03T00:00:00,1.9,1.9,1.84,1.9,790238,
2025-04-04T00:00:00,1.99,1.99,1.91,1.98,2117002,
2025-04-07T00:00:00,1.93,1.93,1.88,1.88,644529,
2025-04-08T00:00:00,1.88,1.88,1.86,1.87,479150,
2025-04-09T00:00:00,1.87,1.9,1.87,1.9,238747,
2025-04-11T00:00:00,1.91,1.92,1.91,1.92,285301,
2025-04-15T00:00:00,1.92,1.92,1.91,1.91,271255,
2025-04-16T00:00:00,1.91,1.91,1.88,1.88,521981,
2025-04-17T00:00:00,1.88,1.88,1.85,1.85,583374,
2025-04-21T00:00:00,1.85,1.85,1.83,1.83,675675,
2025-04-22T00:00:00,1.83,1.83,1.8,1.8,549269,
2025-04-23T00:00:00,1.8,1.8,1.77,1.77,446876,
2025-04-24T00:00:00,1.77,1.77,1.75,1.75,324853,
2025-04-25T00:00:00,1.72,1.72,1.72,1.72,471207,
2025-04-28T00:00:00,1.73,1.74,1.73,1.74,197707,
2025-04-29T00:00:00,1.74,1.74,1.74,1.74,267214,
2025-04-30T00:00:00,1.73,1.73,1.71,1.71,450462,
2025-05-02T00:00:00,1.68,1.68,1.68,1.68,418139,
2025-05-05T00:00:00,1.65,1.65,1.65,1.65,431076,
2025-05-06T00:00:00,1.62,1.62,1.62,1.62,210667,
2025-05-07T00:00:00,1.59,1.59,1.59,1.59,540163,
2025-05-08T00:00:00,1.58,1.58,1.56,1.56,448733,
2025-05-09T00:00:00,1.53,1.53,1.53,1.53,198641,
2025-05-12T00:00:00,1.55,1.6,1.55,1.6,420462,
2025-05-13T00:00:00,1.68,1.68,1.68,1.68,200651,
2025-05-14T00:00:00,1.76,1.76,1.76,1.76,283549,
2025-05-15T00:00:00,1.84,1.84,1.84,1.84,355673,
2025-05-16T00:00:00,1.93,1.93,1.85,1.93,1532621,
2025-05-19T00:00:00,1.94,2.02,1.94,2.02,828538,
2025-05-20T00:00:00,2.12,2.12,1.92,1.92,3493464,
2025-05-21T00:00:00,1.89,1.89,1.89,1.89,717361,
2025-05-22T00:00:00,1.86,1.86,1.86,1.86,467063,
2025-05-23T00:00:00,1.83,1.83,1.83,1.83,311872,
2025-05-26T00:00:00,1.8,1.8,1.8,1.8,339738,
2025-05-27T00:00:00,1.77,1.77,1.77,1.77,433293,
2025-05-28T00:00:00,1.74,1.74,1.74,1.74,514647,
2025-05-29T00:00:00,1.71,1.71,1.71,1.71,618067,
2025-05-30T00:00:00,1.68,1.68,1.68,1.68,755756,
2025-06-02T00:00:00,1.65,1.65,1.65,1.65,712260,
2025-06-03T00:00:00,1.63,1.63,1.62,1.62,1114333,
2025-06-04T00:00:00,1.59,1.59,1.59,1.59,800291,
2025-06-05T00:00:00,1.56,1.56,1.56,1.56,3019629,
2025-06-06T00:00:00,1.53,1.53,1.53,1.53,1864801,
2025-06-09T00:00:00,1.5,1.5,1.5,1.5,2020684,
2025-06-10T00:00:00,1.47,1.53,1.47,1.53,1029683,
2025-06-11T00:00:00,1.56,1.56,1.56,1.56,349698,
2025-06-12T00:00:00,1.59,1.59,1.59,1.59,276198,
2025-06-13T00:00:00,1.62,1.62,1.62,1.62,331758,
2025-06-16T00:00:00,1.62,1.62,1.59,1.59,1427150,
2025-06-17T00:00:00,1.59,1.59,1.56,1.56,825272,
2025-06-18T00:00:00,1.56,1.56,1.56,1.56,450881,
2025-06-19T00:00:00,1.53,1.53,1.53,1.53,428923,
2025-06-20T00:00:00,1.5,1.56,1.5,1.56,360242,
2025-06-23T00:00:00,1.53,1.53,1.53,1.53,554198,
2025-06-24T00:00:00,1.53,1.53,1.5,1.5,748232,
2025-06-25T00:00:00,1.5,1.53,1.5,1.53,397103,
2025-06-26T00:00:00,1.56,1.56,1.56,1.56,258496,
2025-06-27T00:00:00,1.59,1.59,1.59,1.59,499831,
2025-06-30T00:00:00,1.66,1.66,1.52,1.58,6014041,
2025-07-01T00:00:00,1.58,1.62,1.51,1.61,1023425,
2025-07-02T00:00:00,1.63,1.64,1.56,1.61,821951,
2025-07-03T00:00:00,1.6,1.62,1.56,1.61,479916,
2025-07-04T00:00:00,1.62,1.69,1.61,1.69,1452582,
2025-07-07T00:00:00,1.75,1.77,1.7,1.72,1658029,
2025-07-08T00:00:00,1.69,1.75,1.63,1.63,1367689,
2025-07-09T00:00:00,1.63,1.68,1.58,1.67,896961,
2025-07-10T00:00:00,1.7,1.7,1.64,1.65,948997,
2025-07-11T00:00:00,1.65,1.67,1.57,1.62,1262481,
2025-07-14T00:00:00,1.62,1.65,1.57,1.61,1969042,
2025-07-15T00:00:00,1.61,1.62,1.56,1.59,1057662,
2025-07-16T00:00:00,1.6,1.62,1.58,1.61,815925,
2025-07-17T00:00:00,1.62,1.62,1.59,1.6,741684,
2025-07-18T00:00:00,1.61,1.61,1.58,1.61,621929,
2025-07-21T00:00:00,1.62,1.62,1.59,1.6,643292,
2025-07-22T00:00:00,1.62,1.62,1.58,1.58,805624,
2025-07-23T00:00:00,1.6,1.6,1.57,1.58,547867,
2025-07-24T00:00:00,1.58,1.59,1.53,1.56,975798,
2025-07-25T00:00:00,1.52,1.61,1.52,1.55,1189674,
2025-07-28T00:00:00,1.57,1.6,1.53,1.56,1010947,
2025-07-29T00:00:00,1.55,1.58,1.51,1.53,900635,
2025-07-30T00:00:00,1.56,1.56,1.53,1.56,559010,
2025-07-31T00:00:00,1.56,1.59,1.51,1.57,753833,
2025-08-01T00:00:00,1.55,1.58,1.55,1.55,584719,
2025-08-04T00:00:00,1.57,1.58,1.53,1.53,654053,
2025-08-05T00:00:00,1.56,1.56,1.52,1.53,539990,
2025-08-06T00:00:00,1.55,1.55,1.51,1.52,756928,
2025-08-07T00:00:00,1.52,1.57,1.51,1.55,531306,
2025-08-08T00:00:00,1.57,1.57,1.49,1.53,800084,
2025-08-11T00:00:00,1.51,1.56,1.5,1.51,783008,
2025-08-12T00:00:00,1.53,1.59,1.5,1.55,630766,
2025-08-13T00:00:00,1.57,1.58,1.51,1.55,587116,
2025-08-14T00:00:00,1.55,1.56,1.48,1.51,665429,
2025-08-18T00:00:00,1.52,1.55,1.5,1.51,699010,
2025-08-19T00:00:00,1.53,1.55,1.5,1.52,1362259,
2025-08-20T00:00:00,1.55,1.59,1.51,1.56,1268511,
2025-08-21T00:00:00,1.58,1.64,1.57,1.61,1701567,
2025-08-22T00:00:00,1.63,1.77,1.63,1.74,4522434,
2025-08-25T00:00:00,1.79,1.84,1.62,1.74,1441468,
2025-08-26T00:00:00,1.71,1.73,1.66,1.68,468158,
2025-08-28T00:00:00,1.72,1.72,1.58,1.64,819179,
2025-08-29T00:00:00,1.67,1.67,1.54,1.61,665594,
2025-09-01T00:00:00,1.69,1.69,1.61,1.65,561648,
2025-09-02T00:00:00,1.61,1.75,1.61,1.7,783805,
2025-09-03T00:00:00,1.7,1.73,1.63,1.69,797330,
2025-09-04T00:00:00,1.69,1.73,1.63,1.68,725507,
2025-09-05T00:00:00,1.75,1.75,1.66,1.71,519509,
2025-09-08T00:00:00,1.82,1.87,1.75,1.82,1559435,
2025-09-09T00:00:00,1.86,1.89,1.81,1.82,1186600,
2025-09-10T00:00:00,1.86,1.86,1.7,1.76,8788019,
2025-09-11T00:00:00,1.79,1.83,1.76,1.82,1246151,
2025-09-12T00:00:00,1.88,1.88,1.78,1.83,1007541,
2024-09-17T00:00:00,4.0,4.0,3.72,3.79,1717182,
2024-09-18T00:00:00,3.79,4.2,3.77,4.06,2720515,
2024-09-19T00:00:00,4.12,4.21,3.81,3.95,1845253,
2024-09-20T00:00:00,3.98,4.09,3.95,3.98,905474,
2024-09-23T00:00:00,3.99,4.0,3.37,3.9,1136726,
2024-09-24T00:00:00,3.9,3.94,3.8,3.83,648738,
2024-09-25T00:00:00,3.83,3.88,3.7,3.73,1062191,
2024-09-26T00:00:00,3.74,3.83,3.66,3.7,1016917,
2024-09-27T00:00:00,3.65,3.91,3.65,3.71,1342826,
2024-09-30T00:00:00,3.76,3.78,3.65,3.7,1073043,
2024-10-01T00:00:00,3.7,3.73,3.65,3.69,1214513,
2024-10-03T00:00:00,3.69,3.7,3.58,3.61,1290678,
2024-10-04T00:00:00,3.6,3.73,3.59,3.61,843406,
2024-10-07T00:00:00,3.66,3.67,3.4,3.52,940157,
2024-10-08T00:00:00,3.59,3.59,3.39,3.46,1346386,
2024-10-09T00:00:00,3.5,3.55,3.25,3.54,1710257,
2024-10-10T00:00:00,3.56,3.64,3.51,3.62,468665,
2024-10-11T00:00:00,3.63,3.63,3.52,3.58,525894,
2024-10-14T00:00:00,3.58,3.64,3.37,3.56,749382,
2024-10-15T00:00:00,3.56,3.61,3.48,3.52,613312,
2024-10-16T00:00:00,3.5,3.51,3.4,3.43,576778,
2024-10-17T00:00:00,3.41,3.48,3.4,3.42,428518,
2024-10-18T00:00:00,3.42,3.44,3.38,3.43,584843,
2024-10-21T00:00:00,3.43,3.43,3.25,3.25,872741,
2024-10-22T00:00:00,3.25,3.34,3.05,3.08,1046435,
2024-10-23T00:00:00,3.08,3.35,3.08,3.24,1067670,
2024-10-24T00:00:00,3.28,3.28,3.0,3.16,1242652,
2024-10-25T00:00:00,3.11,3.18,2.71,2.9,1330771,
2024-10-28T00:00:00,2.9,3.03,2.9,2.99,1084982,
2024-10-29T00:00:00,3.03,3.58,3.0,3.46,2207740,
2024-10-30T00:00:00,3.46,3.64,3.39,3.51,1574600,
2024-10-31T00:00:00,3.51,4.05,3.51,3.96,3762044,
2024-11-01T00:00:00,4.14,4.49,4.04,4.19,3369297,
2024-11-04T00:00:00,4.34,4.34,3.94,3.98,2255442,
2024-11-05T00:00:00,4.0,4.0,3.85,3.9,669417,
2024-11-06T00:00:00,3.99,4.0,3.9,3.95,916162,
2024-11-07T00:00:00,4.03,4.05,3.82,3.88,1135177,
2024-11-08T00:00:00,3.93,3.93,3.8,3.81,808309,
2024-11-11T00:00:00,3.8,3.8,3.64,3.71,687535,
2024-11-12T00:00:00,3.72,3.78,3.5,3.59,722854,
2024-11-13T00:00:00,3.65,3.65,3.45,3.47,863429,
2024-11-14T00:00:00,3.54,3.6,3.47,3.59,386059,
2024-11-18T00:00:00,3.66,3.7,3.59,3.65,506255,
2024-11-19T00:00:00,3.65,3.65,3.51,3.58,582202,
2024-11-21T00:00:00,3.58,3.65,3.45,3.48,602737,
2024-11-22T00:00:00,3.55,3.57,3.48,3.51,342377,
2024-11-25T00:00:00,3.58,3.62,3.51,3.59,409264,
2024-11-26T00:00:00,3.72,3.72,3.56,3.64,502959,
2024-11-27T00:00:00,3.74,3.74,3.57,3.64,682763,
2024-11-28T00:00:00,3.68,3.68,3.57,3.65,477893,
2024-11-29T00:00:00,3.65,3.65,3.56,3.63,348602,
2024-12-02T00:00:00,3.55,3.71,3.53,3.64,599333,
2024-12-03T00:00:00,3.61,3.68,3.55,3.6,743122,
2024-12-04T00:00:00,3.65,3.65,3.51,3.54,683923,
2024-12-05T00:00:00,3.54,3.59,3.49,3.53,372240,
2024-12-06T00:00:00,3.59,3.59,3.5,3.59,393906,
2024-12-09T00:00:00,3.59,3.64,3.58,3.6,510496,
2024-12-10T00:00:00,3.64,3.74,3.58,3.64,1194250,
2024-12-11T00:00:00,3.7,3.7,3.52,3.58,471643,
2024-12-12T00:00:00,3.58,3.75,3.58,3.75,8737580,
2024-12-13T00:00:00,3.93,3.93,3.92,3.93,8648452,
2024-12-16T00:00:00,4.11,4.12,4.1,4.12,11401000,
2024-12-17T00:00:00,4.31,4.32,4.3,4.32,13414883,
2024-12-18T00:00:00,4.48,4.5,4.11,4.11,3691119,
2024-12-19T00:00:00,3.91,3.91,3.91,3.91,772662,
2024-12-20T00:00:00,3.72,3.72,3.72,3.72,564493,
2024-12-23T00:00:00,3.54,3.54,3.54,3.54,462996,
2024-12-24T00:00:00,3.37,3.37,3.37,3.37,862223,
2024-12-26T00:00:00,3.21,3.53,3.21,3.53,12768755,
2024-12-27T00:00:00,3.66,3.7,3.66,3.7,10342699,
2024-12-30T00:00:00,3.84,3.86,3.52,3.52,4506819,
2024-12-31T00:00:00,3.35,3.69,3.35,3.69,22505393,
2025-01-01T00:00:00,3.53,3.66,3.51,3.53,5722507,
2025-01-02T00:00:00,3.53,3.59,3.4,3.48,2921526,
2025-01-03T00:00:00,3.48,3.64,3.48,3.57,3521625,
2025-01-06T00:00:00,3.63,3.63,3.4,3.4,2947110,
2025-01-07T00:00:00,3.31,3.4,3.23,3.23,2718129,
2025-01-08T00:00:00,3.17,3.2,3.07,3.11,3299239,
2025-01-09T00:00:00,3.15,3.24,3.05,3.07,1693925,
2025-01-10T00:00:00,3.04,3.19,2.98,3.03,2158723,
2025-01-13T00:00:00,3.03,3.03,2.88,2.88,2340788,
2025-01-14T00:00:00,2.94,3.02,2.85,3.02,1228454,
2025-01-15T00:00:00,3.09,3.17,2.99,3.17,1527682,
2025-01-16T00:00:00,3.31,3.32,3.2,3.32,1584420,
2025-01-17T00:00:00,3.38,3.4,3.2,3.24,1148365,
2025-01-20T00:00:00,3.34,3.4,3.3,3.4,4026492,
2025-01-21T00:00:00,3.47,3.57,3.47,3.57,7862676,
2025-01-22T00:00:00,3.65,3.7,3.45,3.62,10142457,
2025-01-23T00:00:00,3.64,3.64,3.44,3.44,1538195,
2025-01-24T00:00:00,3.27,3.27,3.27,3.27,716177,
2025-01-27T00:00:00,3.11,3.11,3.11,3.11,781574,
2025-01-28T00:00:00,3.0,3.05,2.96,2.96,2242813,
2025-01-29T00:00:00,2.96,3.1,2.84,3.09,2376404,
2025-01-30T00:00:00,3.17,3.24,3.17,3.24,4415155,
2025-01-31T00:00:00,3.25,3.4,3.08,3.13,5280209,
2025-02-01T00:00:00,3.1,3.22,3.0,3.02,1701401,
2025-02-03T00:00:00,3.0,3.13,2.98,3.06,1106649,
2025-02-04T00:00:00,3.03,3.05,2.94,2.97,1248490,
2025-02-05T00:00:00,3.03,3.11,3.03,3.11,4063236,
2025-02-06T00:00:00,3.18,3.41,3.14,3.32,9441884,
2025-02-07T00:00:00,3.21,3.29,3.02,3.04,11322317,
2025-02-10T00:00:00,3.0,3.04,2.9,2.99,2456843,
2025-02-11T00:00:00,3.0,3.03,2.85,2.9,1976246,
2025-02-12T00:00:00,2.9,2.97,2.61,2.64,7731191,
2025-02-13T00:00:00,2.68,2.7,2.38,2.38,8929197,
2025-02-14T00:00:00,2.32,2.4,2.27,2.28,3702734,
2025-02-17T00:00:00,2.28,2.36,2.17,2.17,2716820,
2025-02-18T00:00:00,2.16,2.24,2.07,2.07,3191516,
2025-02-19T00:00:00,2.05,2.17,1.97,2.17,6576401,
2025-02-20T00:00:00,2.21,2.27,2.15,2.27,3360321,
2025-02-21T00:00:00,2.35,2.38,2.25,2.36,2102720,
2025-02-24T00:00:00,2.44,2.44,2.25,2.31,1053934,
2025-02-25T00:00:00,2.31,2.4,2.22,2.28,1027991,
2025-02-27T00:00:00,2.28,2.34,2.17,2.2,936669,
2025-02-28T00:00:00,2.21,2.24,2.09,2.16,1013228,
2025-03-03T00:00:00,2.11,2.18,2.06,2.1,1391668,
2025-03-04T00:00:00,2.1,2.16,2.05,2.14,777633,
2025-03-05T00:00:00,2.16,2.23,2.11,2.23,648636,
2025-03-06T00:00:00,2.27,2.34,2.27,2.34,465677,
2025-03-07T00:00:00,2.41,2.44,2.31,2.38,1171949,
2025-03-10T00:00:00,2.44,2.44,2.31,2.33,814933,
2025-03-11T00:00:00,2.33,2.34,2.22,2.25,828600,
2025-03-12T00:00:00,2.34,2.34,2.22,2.23,705120,
2025-03-13T00:00:00,2.23,2.27,2.15,2.23,807942,
2024-03-21T00:00:00,4.05,4.34,4.0,4.19,1788510,
2024-03-22T00:00:00,4.14,4.28,4.0,4.28,1355639,
2024-03-26T00:00:00,4.37,4.49,4.13,4.48,2182123,
2024-03-27T00:00:00,4.45,4.58,4.22,4.22,1653740,
2024-03-28T00:00:00,4.4,4.4,4.01,4.06,3263651,
2024-04-01T00:00:00,4.06,4.22,4.0,4.22,1114395,
2024-04-02T00:00:00,4.3,4.43,4.22,4.43,615785,
2024-04-03T00:00:00,4.65,4.65,4.65,4.65,658793,
2024-04-04T00:00:00,4.88,4.88,4.87,4.88,438632,
2024-04-05T00:00:00,5.12,5.12,5.0,5.09,3038363,
2024-04-08T00:00:00,5.17,5.17,4.84,4.89,1085951,
2024-04-09T00:00:00,4.79,5.05,4.66,4.76,804482,
2024-04-10T00:00:00,4.89,4.89,4.62,4.75,746098,
2024-04-12T00:00:00,4.77,4.77,4.47,4.6,870199,
2024-04-15T00:00:00,4.5,4.83,4.37,4.83,1476977,
2024-04-16T00:00:00,4.89,4.95,4.85,4.95,3133248,
2024-04-18T00:00:00,5.17,5.19,4.9,4.95,2084292,
2024-04-19T00:00:00,5.0,5.0,4.75,4.88,822341,
2024-04-22T00:00:00,4.98,4.98,4.8,4.9,665834,
2024-04-23T00:00:00,4.98,4.98,4.72,4.81,1219781,
2024-04-24T00:00:00,4.9,4.95,4.57,4.72,1484194,
2024-04-25T00:00:00,4.7,4.8,4.63,4.72,895288,
2024-04-26T00:00:00,4.77,4.78,4.57,4.68,960589,
2024-04-29T00:00:00,4.72,4.8,4.5,4.55,1668571,
2024-04-30T00:00:00,4.59,4.7,4.46,4.6,1585701,
2024-05-02T00:00:00,4.67,4.68,4.36,4.45,2664917,
2024-05-03T00:00:00,4.45,4.52,4.3,4.39,1411692,
2024-05-06T00:00:00,4.38,4.56,4.24,4.46,1309915,
2024-05-07T00:00:00,4.41,4.53,4.24,4.28,1544714,
2024-05-08T00:00:00,4.3,4.31,4.12,4.15,1365527,
2024-05-09T00:00:00,4.15,4.25,4.02,4.18,974951,
2024-05-10T00:00:00,4.24,4.24,4.12,4.17,620604,
2024-05-13T00:00:00,4.1,4.22,4.0,4.16,973240,
2024-05-14T00:00:00,4.07,4.35,4.07,4.35,851825,
2024-05-15T00:00:00,4.38,4.56,4.36,4.56,1356868,
2024-05-16T00:00:00,4.54,4.75,4.38,4.62,1681144,
2024-05-17T00:00:00,4.7,4.7,4.46,4.51,1046485,
2024-05-18T00:00:00,4.58,4.58,4.43,4.5,273031,
2024-05-21T00:00:00,4.45,4.52,4.4,4.43,788257,
2024-05-22T00:00:00,4.43,4.5,4.32,4.37,708552,
2024-05-23T00:00:00,4.32,4.38,4.22,4.27,1037414,
2024-05-24T00:00:00,4.33,4.33,4.2,4.29,876263,
2024-05-27T00:00:00,4.29,4.46,4.21,4.45,1687761,
2024-05-28T00:00:00,4.54,4.55,4.22,4.25,1358333,
2024-05-29T00:00:00,4.3,4.45,4.11,4.24,1518887,
2024-05-30T00:00:00,4.11,4.22,4.1,4.12,1939550,
2024-05-31T00:00:00,4.15,4.19,4.07,4.12,1014736,
2024-06-03T00:00:00,4.25,4.26,4.08,4.16,1269550,
2024-06-04T00:00:00,4.22,4.22,3.96,3.98,2881655,
2024-06-05T00:00:00,3.98,4.1,3.85,4.02,2494591,
2024-06-06T00:00:00,4.06,4.12,3.95,4.02,1182535,
2024-06-07T00:00:00,4.05,4.19,4.0,4.04,1085831,
2024-06-10T00:00:00,4.18,4.44,4.15,4.44,3909843,
2024-06-11T00:00:00,4.79,4.88,4.61,4.88,5039297,
2024-06-12T00:00:00,5.04,5.25,4.46,5.04,6638953,
2024-06-13T00:00:00,5.19,5.19,4.9,4.96,2486167,
2024-06-14T00:00:00,5.04,5.04,4.75,4.75,1734641,
2024-06-18T00:00:00,4.87,4.87,4.42,4.61,2299300,
2024-06-19T00:00:00,4.61,4.69,4.42,4.52,1045038,
2024-06-20T00:00:00,4.51,4.69,4.41,4.59,1422859,
2024-06-21T00:00:00,4.66,4.66,4.41,4.48,1208302,
2024-06-24T00:00:00,4.48,4.52,4.34,4.4,1260161,
2024-06-25T00:00:00,4.37,4.49,4.31,4.34,1462170,
2024-06-26T00:00:00,4.36,4.43,4.03,4.22,1968447,
2024-06-27T00:00:00,4.2,4.33,4.11,4.17,2049001,
2024-06-28T00:00:00,4.18,4.25,4.1,4.15,2622674,
2024-07-01T00:00:00,4.22,4.53,4.18,4.49,3150343,
2024-07-02T00:00:00,4.57,4.7,4.43,4.49,1414587,
2024-07-03T00:00:00,4.56,4.6,4.34,4.42,1488995,
2024-07-04T00:00:00,4.5,4.5,4.25,4.3,1676238,
2024-07-05T00:00:00,4.38,4.47,4.25,4.31,2130324,
2024-07-08T00:00:00,4.41,4.44,4.24,4.3,1930093,
2024-07-09T00:00:00,4.38,4.4,4.28,4.3,1643479,
2024-07-10T00:00:00,4.35,4.35,4.2,4.29,1108413,
2024-07-11T00:00:00,4.3,4.34,4.21,4.26,1604972,
2024-07-12T00:00:00,4.29,4.33,4.22,4.23,1049604,
2024-07-15T00:00:00,4.3,4.3,4.18,4.22,1480267,
2024-07-16T00:00:00,4.25,4.26,4.16,4.21,1068202,
2024-07-18T00:00:00,4.26,4.26,4.13,4.19,1280234,
2024-07-19T00:00:00,4.2,4.21,4.07,4.11,1554461,
2024-07-22T00:00:00,4.16,4.16,4.07,4.12,850815,
2024-07-23T00:00:00,4.14,4.17,4.0,4.05,1329520,
2024-07-24T00:00:00,4.09,4.19,4.02,4.15,1188556,
2024-07-25T00:00:00,4.1,4.19,4.07,4.09,1538626,
2024-07-26T00:00:00,4.13,4.16,4.0,4.08,1791954,
2024-07-29T00:00:00,4.1,4.14,4.04,4.05,1819620,
2024-07-30T00:00:00,4.05,4.09,3.98,4.06,1780059,
2024-07-31T00:00:00,4.07,4.1,4.02,4.07,797722,
2024-08-01T00:00:00,4.11,4.11,4.0,4.02,1091729,
2024-08-02T00:00:00,4.02,4.07,3.95,4.02,1388811,
2024-08-05T00:00:00,3.96,4.0,3.81,3.86,1666166,
2024-08-06T00:00:00,3.86,4.19,3.85,3.94,1359490,
2024-08-07T00:00:00,4.05,4.32,3.84,4.2,3538113,
2024-08-08T00:00:00,4.41,4.41,4.0,4.1,1997375,
2024-08-09T00:00:00,4.03,4.18,4.03,4.12,884671,
2024-08-12T00:00:00,4.16,4.16,4.0,4.02,1110825,
2024-08-13T00:00:00,4.09,4.09,4.0,4.01,788938,
2024-08-14T00:00:00,4.05,4.05,3.94,3.96,871252,
2024-08-16T00:00:00,3.98,4.0,3.84,3.91,1052217,
2024-08-19T00:00:00,3.92,3.98,3.84,3.93,1149719,
2024-08-20T00:00:00,3.98,3.98,3.86,3.91,1045196,
2024-08-21T00:00:00,3.91,4.02,3.86,3.97,1027096,
2024-08-22T00:00:00,4.05,4.15,4.0,4.08,1813283,
2024-08-23T00:00:00,4.13,4.13,4.01,4.07,774052,
2024-08-26T00:00:00,4.02,4.07,3.94,3.96,1385207,
2024-08-27T00:00:00,3.96,4.0,3.88,3.89,1488674,
2024-08-28T00:00:00,3.94,3.95,3.84,3.9,1698367,
2024-08-29T00:00:00,3.9,3.9,3.78,3.81,1410067,
2024-08-30T00:00:00,3.88,3.88,3.8,3.82,803428,
2024-09-02T00:00:00,3.88,3.88,3.75,3.77,1087383,
2024-09-03T00:00:00,3.77,3.79,3.67,3.75,850249,
2024-09-04T00:00:00,3.78,3.78,3.7,3.72,882367,
2024-09-05T00:00:00,3.72,3.75,3.66,3.7,1044953,
2024-09-06T00:00:00,3.65,3.78,3.65,3.72,1111970,
2024-09-09T00:00:00,3.75,3.77,3.4,3.6,1148592,
2024-09-10T00:00:00,3.6,3.72,3.6,3.63,866720,
2024-09-11T00:00:00,3.64,3.83,3.61,3.79,1762951,
2024-09-12T00:00:00,3.84,3.89,3.76,3.8,652316,
2024-09-13T00:00:00,3.85,4.32,3.8,4.12,3722982,
2024-09-16T00:00:00,4.14,4.25,3.92,4.01,1650476,
2024-09-17T00:00:00,4.0,4.0,3.72,3.79,1717182,
2023-09-25T00:00:00,3.9,3.99,3.81,3.97,1995147,
2023-09-26T00:00:00,4.06,4.15,4.03,4.08,1925056,
2023-09-27T00:00:00,4.1,4.15,3.88,3.96,1071801,
2023-09-28T00:00:00,3.97,4.1,3.83,3.95,953773,
2023-09-29T00:00:00,3.95,4.0,3.76,3.96,6013328,
2023-10-03T00:00:00,3.95,4.05,3.85,3.9,1108656,
2023-10-04T00:00:00,3.9,4.0,3.9,3.97,1230809,
2023-10-05T00:00:00,4.0,4.0,3.9,3.9,1397413,
2023-10-06T00:00:00,3.91,4.0,3.87,3.96,846563,
2023-10-09T00:00:00,3.94,3.96,3.75,3.8,1838463,
2023-10-10T00:00:00,3.77,3.9,3.75,3.8,559439,
2023-10-11T00:00:00,3.8,3.9,3.72,3.84,652135,
2023-10-12T00:00:00,3.84,3.84,3.7,3.78,580806,
2023-10-13T00:00:00,3.83,3.85,3.7,3.74,1300739,
2023-10-16T00:00:00,3.8,3.84,3.65,3.72,1097565,
2023-10-17T00:00:00,3.75,3.75,3.54,3.61,1457032,
2023-10-18T00:00:00,3.61,3.7,3.5,3.62,1174685,
2023-10-19T00:00:00,3.68,3.73,3.59,3.63,941808,
2023-10-20T00:00:00,3.69,3.73,3.47,3.5,999215,
2023-10-23T00:00:00,3.59,3.62,3.34,3.34,1407255,
2023-10-25T00:00:00,3.34,3.43,3.18,3.33,1223160,
2023-10-26T00:00:00,3.34,3.49,3.17,3.36,1442387,
2023-10-27T00:00:00,3.45,3.52,3.3,3.52,867358,
2023-10-30T00:00:00,3.68,3.68,3.58,3.68,1714129,
2023-10-31T00:00:00,3.68,3.71,3.6,3.64,508489,
2023-11-01T00:00:00,3.66,3.72,3.55,3.57,1228363,
2023-11-02T00:00:00,3.63,3.68,3.58,3.64,456323,
2023-11-03T00:00:00,3.6,3.6,3.45,3.45,1877672,
2023-11-06T00:00:00,3.3,3.54,3.28,3.35,2574062,
2023-11-07T00:00:00,3.4,3.4,3.28,3.31,1535716,
2023-11-08T00:00:00,3.31,3.37,3.21,3.25,1349431,
2023-11-09T00:00:00,3.25,3.33,3.23,3.26,896015,
2023-11-10T00:00:00,3.31,3.32,3.21,3.28,438585,
2023-11-12T00:00:00,3.28,3.4,3.28,3.34,1063092,
2023-11-13T00:00:00,3.34,3.39,3.3,3.33,628662,
2023-11-15T00:00:00,3.39,3.39,3.29,3.33,920426,
2023-11-16T00:00:00,3.35,3.37,3.16,3.27,1982872,
2023-11-17T00:00:00,3.27,3.29,3.2,3.27,1182424,
2023-11-20T00:00:00,3.29,3.29,3.09,3.09,3917202,
2023-11-21T00:00:00,3.08,3.18,3.06,3.1,1584572,
2023-11-22T00:00:00,3.1,3.18,3.08,3.1,929455,
2023-11-23T00:00:00,3.08,3.15,2.95,3.06,3102720,
2023-11-24T00:00:00,3.08,3.15,2.99,3.01,1747075,
2023-11-28T00:00:00,3.02,3.05,2.93,2.96,1690411,
2023-11-29T00:00:00,3.01,3.09,2.91,3.05,2524519,
2023-11-30T00:00:00,3.05,3.18,3.04,3.16,3112964,
2023-12-01T00:00:00,3.23,3.29,3.11,3.26,2043194,
2023-12-04T00:00:00,3.37,3.37,3.23,3.29,2818134,
2023-12-05T00:00:00,3.31,3.45,3.3,3.45,2557805,
2023-12-06T00:00:00,3.61,3.62,3.57,3.62,4638273,
2023-12-07T00:00:00,3.85,3.98,3.72,3.98,7276241,
2023-12-08T00:00:00,4.33,4.33,3.99,4.2,8218403,
2023-12-11T00:00:00,4.3,4.62,4.22,4.62,8051233,
2023-12-12T00:00:00,4.65,4.85,4.65,4.83,8986163,
2023-12-13T00:00:00,4.95,4.99,4.59,4.59,3295740,
2023-12-14T00:00:00,4.37,4.45,4.37,4.37,3064385,
2023-12-15T00:00:00,4.24,4.24,4.16,4.16,1015130,
2023-12-18T00:00:00,4.16,4.36,3.96,4.36,5646390,
2023-12-19T00:00:00,4.57,4.57,4.2,4.36,2920052,
2023-12-20T00:00:00,4.49,4.57,4.15,4.15,4956306,
2023-12-21T00:00:00,4.15,4.3,3.95,4.2,1709077,
2023-12-22T00:00:00,4.35,4.36,4.2,4.31,1697947,
2023-12-26T00:00:00,4.4,4.49,4.31,4.38,1543154,
2023-12-27T00:00:00,4.46,4.46,4.22,4.31,1202058,
2023-12-28T00:00:00,4.36,4.36,4.13,4.18,1507568,
2023-12-29T00:00:00,4.18,4.3,4.13,4.21,997276,
2024-01-01T00:00:00,4.28,4.39,4.25,4.34,1433808,
2024-01-02T00:00:00,4.43,4.45,4.22,4.35,1401354,
2024-01-03T00:00:00,4.4,4.43,4.25,4.32,1426578,
2024-01-04T00:00:00,4.4,4.43,4.25,4.28,2293544,
2024-01-05T00:00:00,4.37,4.43,4.25,4.36,1881133,
2024-01-08T00:00:00,4.42,4.42,4.2,4.3,2099546,
2024-01-09T00:00:00,4.39,4.5,4.2,4.5,3020538,
2024-01-10T00:00:00,4.68,4.68,4.61,4.68,7731612,
2024-01-11T00:00:00,4.75,4.91,4.71,4.91,5191492,
2024-01-12T00:00:00,5.15,5.15,5.01,5.15,4824099,
2024-01-15T00:00:00,5.4,5.4,5.4,5.4,1346151,
2024-01-16T00:00:00,5.67,5.67,5.13,5.51,6779627,
2024-01-17T00:00:00,5.24,5.24,5.24,5.24,3721101,
2024-01-18T00:00:00,5.41,5.5,4.98,5.5,5353811,
2024-01-19T00:00:00,5.77,5.77,5.7,5.77,2373395,
2024-01-20T00:00:00,6.05,6.05,6.0,6.05,3333386,
2024-01-23T00:00:00,6.35,6.35,6.35,6.35,2813839,
2024-01-24T00:00:00,6.65,6.66,6.04,6.66,9285351,
2024-01-25T00:00:00,6.99,6.99,6.95,6.99,6646439,
2024-01-29T00:00:00,6.69,6.97,6.31,6.52,8867783,
2024-01-30T00:00:00,6.5,6.52,6.2,6.2,2863267,
2024-01-31T00:00:00,5.89,5.89,5.89,5.89,1953128,
2024-02-01T00:00:00,5.6,6.18,5.6,6.18,3622693,
2024-02-02T00:00:00,6.48,6.48,6.16,6.46,13635967,
2024-02-05T00:00:00,6.63,6.67,6.14,6.42,8092634,
2024-02-06T00:00:00,6.29,6.39,6.1,6.12,3956338,
2024-02-07T00:00:00,6.0,6.09,5.82,5.82,4531772,
2024-02-08T00:00:00,5.53,5.53,5.53,5.53,2122476,
2024-02-09T00:00:00,5.44,5.8,5.36,5.8,3405069,
2024-02-12T00:00:00,5.98,6.05,5.51,5.51,2269523,
2024-02-13T00:00:00,5.24,5.48,5.24,5.25,2259791,
2024-02-14T00:00:00,5.25,5.51,4.99,5.51,3614048,
2024-02-15T00:00:00,5.62,5.78,5.45,5.76,2069597,
2024-02-16T00:00:00,5.91,5.98,5.7,5.81,2168165,
2024-02-19T00:00:00,5.81,5.91,5.52,5.52,2356949,
2024-02-20T00:00:00,5.64,5.79,5.25,5.75,2416555,
2024-02-21T00:00:00,5.75,5.75,5.5,5.59,1360775,
2024-02-22T00:00:00,5.68,5.72,5.32,5.56,1407179,
2024-02-23T00:00:00,5.57,5.72,5.29,5.31,2236831,
2024-02-26T00:00:00,5.42,5.49,5.12,5.21,1792972,
2024-02-27T00:00:00,5.21,5.45,5.07,5.2,1284594,
2024-02-28T00:00:00,5.26,5.29,4.93,4.97,1869599,
2024-02-29T00:00:00,5.06,5.14,4.75,5.02,1667244,
2024-03-01T00:00:00,5.12,5.18,5.02,5.1,799554,
2024-03-02T00:00:00,5.2,5.3,5.1,5.17,324377,
2024-03-04T00:00:00,5.2,5.28,4.9,5.05,1482754,
2024-03-05T00:00:00,5.15,5.18,4.82,5.01,1891364,
2024-03-06T00:00:00,5.0,5.0,4.76,4.84,1595513,
2024-03-07T00:00:00,4.95,4.99,4.6,4.91,1448792,
2024-03-11T00:00:00,5.15,5.15,4.68,4.89,1495280,
2024-03-12T00:00:00,4.85,4.85,4.65,4.65,744525,
2024-03-13T00:00:00,4.42,4.42,4.42,4.42,571110,
2024-03-14T00:00:00,4.2,4.64,4.2,4.53,2533892,
2024-03-15T00:00:00,4.59,4.74,4.31,4.63,1150756,
2024-03-18T00:00:00,4.7,4.74,4.4,4.66,1472083,
2024-03-19T00:00:00,4.59,4.59,4.43,4.43,665536,
2024-03-20T00:00:00,4.43,4.55,4.21,4.21,1388100,
2024-03-21T00:00:00,4.05,4.34,4.0,4.19,1788510,
2023-03-27T00:00:00,2.59,2.69,2.47,2.47,1437924,
2023-03-28T00:00:00,2.46,2.47,2.35,2.35,1655019,
2023-03-29T00:00:00,2.25,2.29,2.24,2.24,1573767,
2023-03-31T00:00:00,2.2,2.35,2.15,2.25,2113655,
2023-04-03T00:00:00,2.25,2.36,2.25,2.33,1317610,
2023-04-05T00:00:00,2.38,2.44,2.33,2.44,1233546,
2023-04-06T00:00:00,2.48,2.56,2.48,2.56,1869275,
2023-04-10T00:00:00,2.68,2.68,2.57,2.62,1424412,
2023-04-11T00:00:00,2.55,2.64,2.52,2.64,854466,
2023-04-12T00:00:00,2.68,2.75,2.61,2.75,1606450,
2023-04-13T00:00:00,2.8,2.88,2.8,2.88,2440925,
2023-04-17T00:00:00,3.02,3.02,2.99,3.02,2174135,
2023-04-18T00:00:00,3.17,3.17,3.16,3.17,1642371,
2023-04-19T00:00:00,3.3,3.32,3.25,3.32,1919396,
2023-04-20T00:00:00,3.47,3.48,3.16,3.16,2933637,
2023-04-21T00:00:00,3.01,3.01,3.01,3.01,358966,
2023-04-24T00:00:00,2.86,3.16,2.86,3.16,1755059,
2023-04-25T00:00:00,3.21,3.31,3.02,3.11,1445019,
2023-04-26T00:00:00,3.11,3.14,2.96,2.96,914206,
2023-04-27T00:00:00,2.96,3.05,2.82,3.02,751151,
2023-04-28T00:00:00,3.02,3.08,2.82,2.89,676208,
2023-05-02T00:00:00,2.82,2.97,2.75,2.84,1248039,
2023-05-03T00:00:00,2.8,2.89,2.72,2.85,503084,
2023-05-04T00:00:00,2.87,2.95,2.77,2.93,514520,
2023-05-05T00:00:00,2.95,2.99,2.78,2.96,904489,
2023-05-08T00:00:00,3.0,3.0,2.81,2.83,794654,
2023-05-09T00:00:00,2.71,2.85,2.71,2.76,450754,
2023-05-10T00:00:00,2.8,2.84,2.69,2.75,358791,
2023-05-11T00:00:00,2.71,2.76,2.58,2.67,1084686,
2023-05-12T00:00:00,2.66,2.79,2.58,2.79,549268,
2023-05-15T00:00:00,2.92,2.92,2.8,2.92,1144121,
2023-05-16T00:00:00,3.04,3.06,2.97,3.06,1117374,
2023-05-17T00:00:00,3.04,3.06,2.92,2.99,684603,
2023-05-18T00:00:00,3.05,3.1,2.9,2.96,629926,
2023-05-19T00:00:00,2.95,3.04,2.9,3.0,541362,
2023-05-22T00:00:00,3.1,3.1,2.83,3.01,1641731,
2023-05-23T00:00:00,3.07,3.08,2.96,3.03,1409300,
2023-05-24T00:00:00,3.1,3.1,2.98,3.03,972232,
2023-05-25T00:00:00,3.0,3.06,3.0,3.05,390975,
2023-05-26T00:00:00,2.92,2.99,2.89,2.9,1292941,
2023-05-29T00:00:00,2.76,2.92,2.76,2.77,2687235,
2023-05-30T00:00:00,2.8,2.92,2.77,2.85,786474,
2023-05-31T00:00:00,2.85,2.9,2.72,2.8,1005781,
2023-06-01T00:00:00,2.84,2.86,2.75,2.84,561940,
2023-06-02T00:00:00,2.85,2.86,2.76,2.81,590889,
2023-06-05T00:00:00,2.84,2.85,2.75,2.82,679624,
2023-06-06T00:00:00,2.81,2.85,2.76,2.82,546432,
2023-06-07T00:00:00,2.82,2.83,2.77,2.81,621419,
2023-06-08T00:00:00,2.84,2.92,2.75,2.82,800452,
2023-06-09T00:00:00,2.85,2.85,2.72,2.76,972363,
2023-06-12T00:00:00,2.76,2.84,2.76,2.79,732642,
2023-06-13T00:00:00,2.81,2.85,2.8,2.81,560686,
2023-06-14T00:00:00,2.85,2.85,2.78,2.8,683742,
2023-06-15T00:00:00,2.8,2.83,2.76,2.77,701939,
2023-06-16T00:00:00,2.5,2.74,2.5,2.65,3118133,
2023-06-19T00:00:00,2.69,2.77,2.65,2.75,832407,
2023-06-20T00:00:00,2.84,2.84,2.52,2.74,1987803,
2023-06-21T00:00:00,2.77,2.79,2.66,2.76,1391298,
2023-06-22T00:00:00,2.7,2.78,2.61,2.77,1172238,
2023-06-23T00:00:00,2.79,2.97,2.73,2.82,2184493,
2023-06-26T00:00:00,2.85,2.88,2.82,2.85,887946,
2023-06-27T00:00:00,2.89,2.94,2.85,2.86,1294825,
2023-06-28T00:00:00,2.86,2.93,2.83,2.87,684235,
2023-06-30T00:00:00,2.86,2.92,2.76,2.86,943291,
2023-07-03T00:00:00,2.9,2.94,2.86,2.89,992095,
2023-07-04T00:00:00,2.92,2.92,2.85,2.87,694248,
2023-07-05T00:00:00,2.85,2.9,2.8,2.84,707864,
2023-07-06T00:00:00,2.88,3.12,2.83,3.11,4254349,
2023-07-07T00:00:00,3.2,3.42,3.19,3.4,4664005,
2023-07-10T00:00:00,3.55,3.74,3.15,3.48,3739006,
2023-07-11T00:00:00,3.48,3.69,3.31,3.37,2793818,
2023-07-12T00:00:00,3.4,3.41,3.26,3.3,1440541,
2023-07-13T00:00:00,3.3,3.34,3.05,3.13,1246362,
2023-07-14T00:00:00,2.96,3.22,2.96,3.11,1587469,
2023-07-17T00:00:00,3.17,3.2,3.02,3.08,1646739,
2023-07-18T00:00:00,3.12,3.12,2.95,3.0,1378978,
2023-07-19T00:00:00,3.05,3.05,2.95,3.0,881595,
2023-07-20T00:00:00,2.99,3.0,2.94,3.0,663603,
2023-07-21T00:00:00,3.0,3.01,2.96,2.98,659357,
2023-07-24T00:00:00,2.98,3.0,2.94,2.97,835803,
2023-07-25T00:00:00,2.95,2.98,2.92,2.94,610067,
2023-07-26T00:00:00,2.93,2.99,2.92,2.95,533932,
2023-07-27T00:00:00,2.97,2.97,2.93,2.96,520928,
2023-07-28T00:00:00,2.99,2.99,2.91,2.95,346849,
2023-07-31T00:00:00,2.98,2.98,2.83,2.91,1011399,
2023-08-01T00:00:00,2.93,2.97,2.91,2.94,1053513,
2023-08-02T00:00:00,2.97,2.97,2.9,2.9,676738,
2023-08-03T00:00:00,2.91,2.96,2.85,2.9,677553,
2023-08-04T00:00:00,2.9,2.93,2.87,2.91,648767,
2023-08-07T00:00:00,3.41,3.45,3.1,3.42,13646061,
2023-08-08T00:00:00,3.5,3.72,2.97,3.15,4948096,
2023-08-09T00:00:00,3.21,3.47,3.05,3.23,4232024,
2023-08-10T00:00:00,3.32,3.32,3.09,3.16,3542399,
2023-08-11T00:00:00,3.16,3.17,3.0,3.07,3117419,
2023-08-14T00:00:00,3.11,3.58,3.07,3.4,5280406,
2023-08-16T00:00:00,3.4,3.53,3.35,3.47,2084310,
2023-08-17T00:00:00,3.49,3.49,3.32,3.39,2137782,
2023-08-18T00:00:00,3.36,3.36,3.15,3.23,3321561,
2023-08-21T00:00:00,3.27,3.29,3.1,3.16,3220656,
2023-08-22T00:00:00,3.21,3.21,3.03,3.16,2491123,
2023-08-23T00:00:00,3.22,3.24,3.1,3.16,1608385,
2023-08-24T00:00:00,3.16,3.29,3.16,3.21,1505742,
2023-08-25T00:00:00,3.27,3.84,3.2,3.81,11362731,
2023-08-28T00:00:00,4.1,4.47,4.05,4.12,15223411,
2023-08-29T00:00:00,4.18,4.28,3.7,3.99,4585919,
2023-08-30T00:00:00,4.07,4.2,3.91,4.1,9984206,
2023-08-31T00:00:00,4.2,4.35,4.11,4.27,8701789,
2023-09-01T00:00:00,4.4,4.44,4.1,4.21,5594798,
2023-09-04T00:00:00,4.3,4.38,4.15,4.23,12971508,
2023-09-05T00:00:00,4.24,4.25,3.92,4.13,4615948,
2023-09-06T00:00:00,4.17,4.26,4.02,4.12,4014148,
2023-09-07T00:00:00,4.19,4.21,4.01,4.03,2319711,
2023-09-08T00:00:00,4.05,4.18,3.97,4.0,2177392,
2023-09-11T00:00:00,4.02,4.03,3.89,3.93,2608387,
2023-09-12T00:00:00,4.0,4.0,3.74,3.96,2150068,
2023-09-13T00:00:00,3.98,4.0,3.82,3.89,1278592,
2023-09-14T00:00:00,3.85,3.9,3.7,3.79,7461325,
2023-09-15T00:00:00,3.79,3.85,3.7,3.76,1367511,
2023-09-18T00:00:00,3.72,3.85,3.67,3.74,1710828,
2023-09-20T00:00:00,3.8,3.8,3.68,3.69,974404,
2023-09-21T00:00:00,3.69,3.75,3.65,3.72,1245820,
2023-09-22T00:00:00,3.76,3.86,3.75,3.81,2174058,
2022-09-28T00:00:00,4.93,5.14,4.78,4.88,2246756,
2022-09-29T00:00:00,4.98,4.98,4.79,4.89,697309,
2022-09-30T00:00:00,4.71,5.12,4.71,4.82,1054319,
2022-10-03T00:00:00,4.86,4.94,4.67,4.81,829596,
2022-10-04T00:00:00,4.89,4.95,4.76,4.84,558000,
2022-10-06T00:00:00,4.91,5.05,4.72,4.87,720634,
2022-10-07T00:00:00,4.81,4.92,4.75,4.84,539305,
2022-10-10T00:00:00,4.88,5.1,4.71,4.83,1296712,
2022-10-11T00:00:00,4.8,5.2,4.8,5.15,1888858,
2022-10-12T00:00:00,5.2,5.4,4.86,4.9,1209639,
2022-10-13T00:00:00,4.73,4.9,4.7,4.85,780733,
2022-10-14T00:00:00,4.85,4.99,4.63,4.68,632940,
2022-10-17T00:00:00,4.63,5.14,4.55,5.0,1880132,
2022-10-18T00:00:00,4.93,5.27,4.81,5.07,1227266,
2022-10-19T00:00:00,4.94,5.05,4.85,4.91,1060926,
2022-10-20T00:00:00,4.91,4.98,4.75,4.88,1009707,
2022-10-21T00:00:00,4.81,4.9,4.64,4.7,1663089,
2022-10-24T00:00:00,4.81,4.85,4.66,4.81,379227,
2022-10-25T00:00:00,4.84,4.84,4.68,4.71,615237,
2022-10-27T00:00:00,4.8,4.8,4.62,4.64,528478,
2022-10-28T00:00:00,4.69,4.75,4.4,4.6,717153,
2022-10-31T00:00:00,4.55,4.96,4.55,4.84,1105592,
2022-11-01T00:00:00,4.96,4.96,4.65,4.74,627638,
2022-11-02T00:00:00,4.74,4.76,4.57,4.62,2059593,
2022-11-03T00:00:00,4.55,4.7,4.45,4.49,2229905,
2022-11-04T00:00:00,4.5,4.5,4.35,4.39,687067,
2022-11-07T00:00:00,4.39,4.6,4.3,4.58,799516,
2022-11-09T00:00:00,4.63,4.63,4.33,4.46,1221806,
2022-11-10T00:00:00,4.4,4.5,4.36,4.43,674574,
2022-11-11T00:00:00,4.49,4.49,4.31,4.39,726384,
2022-11-14T00:00:00,4.35,4.35,4.16,4.25,1282734,
2022-11-15T00:00:00,4.32,4.39,4.2,4.23,324033,
2022-11-16T00:00:00,4.23,4.65,4.11,4.64,5445714,
2022-11-17T00:00:00,4.63,4.95,4.44,4.84,2007587,
2022-11-18T00:00:00,4.84,4.96,4.66,4.87,1242086,
2022-11-21T00:00:00,4.9,5.05,4.61,4.95,2232951,
2022-11-22T00:00:00,4.94,4.99,4.75,4.84,1601729,
2022-11-23T00:00:00,4.8,5.29,4.7,5.08,3673090,
2022-11-24T00:00:00,5.11,5.3,5.01,5.24,2621918,
2022-11-25T00:00:00,5.15,5.39,5.01,5.11,2032602,
2022-11-28T00:00:00,5.25,5.74,5.1,5.38,2443453,
2022-11-29T00:00:00,5.39,5.49,5.2,5.26,783928,
2022-11-30T00:00:00,5.29,5.29,5.01,5.04,963128,
2022-12-01T00:00:00,5.0,5.28,4.85,4.9,883425,
2022-12-02T00:00:00,4.9,4.99,4.81,4.82,517193,
2022-12-05T00:00:00,4.84,5.0,4.76,4.79,564702,
2022-12-06T00:00:00,4.88,4.88,4.63,4.65,956061,
2022-12-07T00:00:00,4.61,4.78,4.56,4.62,530690,
2022-12-08T00:00:00,4.7,4.73,4.55,4.57,693150,
2022-12-09T00:00:00,4.55,4.9,4.52,4.81,1964725,
2022-12-12T00:00:00,4.87,5.2,4.63,4.68,1575547,
2022-12-13T00:00:00,4.62,4.79,4.45,4.5,3097822,
2022-12-14T00:00:00,4.59,4.65,4.43,4.46,1957091,
2022-12-15T00:00:00,4.49,4.53,4.39,4.42,2025420,
2022-12-16T00:00:00,4.48,4.8,4.4,4.42,1738741,
2022-12-19T00:00:00,4.41,4.42,4.28,4.29,1804875,
2022-12-20T00:00:00,4.37,4.63,4.28,4.5,1102374,
2022-12-21T00:00:00,4.59,4.7,4.24,4.27,1836374,
2022-12-22T00:00:00,4.2,4.27,3.9,3.94,3953535,
2022-12-23T00:00:00,3.93,3.98,3.7,3.76,1310942,
2022-12-26T00:00:00,3.8,4.19,3.7,4.0,1718505,
2022-12-27T00:00:00,4.1,4.39,3.97,4.0,1167917,
2022-12-28T00:00:00,4.0,4.1,3.9,4.03,901489,
2022-12-29T00:00:00,4.04,4.06,3.95,4.0,483702,
2022-12-30T00:00:00,4.0,4.05,3.92,3.95,2084827,
2023-01-02T00:00:00,3.96,4.18,3.86,3.98,2601368,
2023-01-03T00:00:00,3.95,4.45,3.9,3.94,2795482,
2023-01-04T00:00:00,3.96,4.03,3.88,3.91,1630066,
2023-01-05T00:00:00,3.98,3.98,3.87,3.9,828647,
2023-01-06T00:00:00,3.95,3.95,3.82,3.89,671469,
2023-01-09T00:00:00,3.94,3.97,3.85,3.9,558356,
2023-01-10T00:00:00,3.9,3.9,3.82,3.85,655728,
2023-01-11T00:00:00,3.9,4.0,3.82,3.91,1572453,
2023-01-12T00:00:00,3.87,3.99,3.85,3.88,923252,
2023-01-13T00:00:00,3.93,3.93,3.76,3.82,1106960,
2023-01-16T00:00:00,3.82,3.88,3.77,3.8,1390158,
2023-01-17T00:00:00,3.85,3.85,3.71,3.73,1296726,
2023-01-18T00:00:00,3.85,3.85,3.73,3.75,1149164,
2023-01-19T00:00:00,3.7,3.78,3.66,3.7,1119736,
2023-01-20T00:00:00,3.71,3.72,3.65,3.68,659867,
2023-01-23T00:00:00,3.7,3.7,3.4,3.56,1193715,
2023-01-24T00:00:00,3.6,3.6,3.4,3.42,1001554,
2023-01-25T00:00:00,3.55,3.55,3.2,3.33,893055,
2023-01-27T00:00:00,3.32,3.35,3.2,3.26,744167,
2023-01-30T00:00:00,3.16,3.24,3.1,3.12,946001,
2023-01-31T00:00:00,3.11,3.14,2.95,3.07,2782153,
2023-02-01T00:00:00,3.1,3.14,2.89,2.93,2027866,
2023-02-02T00:00:00,2.94,2.99,2.82,2.86,1290538,
2023-02-03T00:00:00,2.86,2.9,2.5,2.72,2858832,
2023-02-06T00:00:00,2.72,2.72,2.51,2.57,2284115,
2023-02-07T00:00:00,2.55,2.58,2.32,2.37,3713765,
2023-02-08T00:00:00,2.4,2.4,2.2,2.26,4183356,
2023-02-09T00:00:00,2.26,2.28,2.16,2.22,2444162,
2023-02-10T00:00:00,2.23,2.44,2.16,2.44,2285947,
2023-02-13T00:00:00,2.68,2.68,2.68,2.68,880958,
2023-02-14T00:00:00,2.94,2.94,2.51,2.64,5442024,
2023-02-15T00:00:00,2.72,2.74,2.47,2.54,1397311,
2023-02-16T00:00:00,2.57,2.58,2.36,2.4,2004128,
2023-02-17T00:00:00,2.4,2.44,2.32,2.35,1363746,
2023-02-20T00:00:00,2.35,2.44,2.31,2.41,1125767,
2023-02-21T00:00:00,2.45,2.46,2.33,2.37,878463,
2023-02-22T00:00:00,2.34,2.34,2.22,2.27,1708389,
2023-02-23T00:00:00,2.25,2.31,2.2,2.24,1548476,
2023-02-24T00:00:00,2.25,2.29,2.21,2.27,969164,
2023-02-27T00:00:00,2.27,2.31,2.17,2.21,1015639,
2023-02-28T00:00:00,2.25,2.25,2.07,2.1,1377397,
2023-03-01T00:00:00,2.1,2.31,2.07,2.24,3173302,
2023-03-02T00:00:00,2.24,2.38,2.19,2.23,1963879,
2023-03-03T00:00:00,2.25,2.34,2.15,2.19,2105532,
2023-03-06T00:00:00,2.22,2.3,2.13,2.22,3554657,
2023-03-08T00:00:00,2.25,2.27,2.14,2.17,3412178,
2023-03-09T00:00:00,2.19,2.21,2.11,2.13,3009626,
2023-03-10T00:00:00,2.13,2.13,2.05,2.08,2488621,
2023-03-13T00:00:00,2.08,2.08,1.96,1.99,1828205,
2023-03-14T00:00:00,1.99,1.99,1.88,1.88,1628035,
2023-03-15T00:00:00,1.89,2.07,1.83,1.98,2088674,
2023-03-16T00:00:00,2.0,2.05,1.9,2.0,1056177,
2023-03-17T00:00:00,2.04,2.04,1.93,1.97,993629,
2023-03-20T00:00:00,2.05,2.1,1.98,2.07,709245,
2023-03-21T00:00:00,2.12,2.24,2.07,2.21,1652238,
2023-03-22T00:00:00,2.28,2.43,2.24,2.43,2934887,
2023-03-23T00:00:00,2.6,2.67,2.58,2.67,3130224,
2023-03-24T00:00:00,2.77,2.79,2.54,2.59,3735766,
2023-03-27T00:00:00,2.59,2.69,2.47,2.47,1437924,
